28239175
40755015
55266132
30131023
64144234
96888608
28243519
33217272
4624946
77763631
8915529
76028368
98355349
96123501
11740432
25571119
96289573
74103644
84275398
83448064
77066440
7482932
81637928
237550
10330749
49527374
2963841
79757947
85914883
48664450
45160979
47155536
82103625
37260483
95391599
41817875
50900987
24386701
69781368
15739469
66609228
20470125
95022659
83905348
70247721
6493647
31582524
35053921
92677766
27759310
66844877
15376247
10212830
71813860
63275468
25330612
34196832
67403461
71314231
66575502
30688952
78712817
58075417
29046420
81223093
65061794
21793036
16717553
14949551
28054525
51563139
82273319
80005134
50911817
47593749
34135923
42798133
792482
29501676
11134707
91048705
53312224
7394860
93158544
43440965
52531265
41201317
12400760
94866374
83796024
88298198
6278542
41069012
20889894
40200376
56515895
34764215
85750504
32813477
27507568
5177847
59512569
81406488
51708143
14890819
6190205
91816217
15534916
39661374
62196378
27008935
4541978
93234041
13129396
73467231
82556950
13900965
55422922
23435873
93863632
14701734
57414954
70978269
4154126
21575780
51341961
80628212
2773431
32585369
70378895
61288753
73825660
54660359
46151160
29503771
95614033
10270319
54347548
33328508
52083907
97356750
61362918
37369415
46747836
26232871
37727948
99353754
33491415
78975844
53274174
25069869
96526455
34694611
65989529
85776332
60945836
44629307
34037864
98238561
63228894
77031986
51641933
50830046
47090068
45145835
64036218
9213077
7626673
27686852
94824005
23226367
90012552
65011648
93573652
87763051
90134837
54497454
96208816
71485450
86881717
8336559
57275617
88031360
93028700
49447210
70935589
81695868
79734488
21932981
16295478
12929277
14400440
35127042
60332701
75991836
16448640
87430080
54447371
5229890
93315286
41815462
60327381
37314194
2487542
47785454
38236273
45040995
54722246
32103065
88214223
97762520
81008644
68770455
7214499
80186507
84192903
26157590
75642004
31488094
51879803
20809362
570694
51728290
12362109
94998593
76863695
60604749
46178813
68869108
67275164
34002281
8530342
25950988
54241679
18106192
83176580
26813918
52440411
41015785
82795159
88583812
82765131
42358947
77373826
98701915
75542101
42938682
30817028
96568958
88446873
48106676
80932175
80736
35426015
69204227
36957909
20391522
23096999
64222507
84861215
65268241
36184829
91992252
92224294
12035741
93734376
96941176
72551882
54735037
28381855
30660687
99418372
3279427
57846043
65367023
32864571
40496065
10977854
69146358
46165528
46511668
1387483
51377729
98777816
64862871
51636901
9670698
41123350
80726896
4452487
60353251
41372385
21175362
35702674
88668653
65668526
27913881
49704488
20985152
79467625
97728764
90051990
54630687
17960847
63008566
24016988
16835150
55801152
21486196
89139049
65447135
3446635
15686495
74918216
80104420
42240216
51897428
41075541
87842872
56101376
59689399
43874307
84999989
73358337
27938756
13817447
70702043
14414420
51492517
59936905
39313329
39363622
47699933
88167091
88186879
80962171
22504547
64136668
58661823
55969273
55674458
25107340
22486388
70236975
69070267
50339595
16465441
18995865
31155948
19827808
79524723
99177938
27328830
58496240
44409212
9277712
49132115
19577242
83805779
44672642
88818568
5026523
99794155
72467674
71035237
40161088
28613185
95803928
69257948
75336713
29735821
10854599
3624103
7872137
57788403
292558
80687051
58252555
38958140
79732089
37995294
98920680
2974557
66526148
581691
95127251
9919300
58742089
56445339
36915612
78282997
94934833
53785159
52765091
34861686
83608428
52983676
56951227
76798521
3087148
46308708
42387836
89533831
23486681
4382446
75796496
76166931
95219090
38841516
88009625
48240648
81279910
85587427
91901051
4550466
11645171
58424068
15831677
77736703
75324650
76191337
18043206
51174015
80090685
55468247
12093127
60916107
71261458
53265474
78441677
54204111
26544204
47404428
51958937
39254145
87286295
21851644
5203595
87852976
3399698
44293093
41712803
30563772
28848678
50801342
7967586
78135005
94014479
2383510
49803446
67997299
70074782
13950514
47058855
63988064
7481216
32108096
92368434
28940963
52817501
84182865
9165588
34090697
65780665
8831466
24528161
62232567
92983997
11153776
26563619
8322873
50190216
63214403
33806874
23873955
7353726
87230435
441751
30589864
29014415
31235987
63209106
62962766
98004035
87890289
78393416
83479508
89355216
9229176
49528255
83819261
60186413
30300292
90168576
84832710
77862493
29505937
71903363
74830761
76113912
90303877
46803320
2124763
83199921
32804794
34138445
60933542
93342159
36932343
78635864
63190712
42365429
23205327
39664673
70757897
96186883
34283845
88427129
33925426
99853645
26918440
27991275
64145258
34034955
9872914
54761693
29876336
47331402
39961786
12300159
19402251
77701673
52803956
27824980
72773601
12451100
20045585
84240634
12246865
85797394
89846682
46737065
13704709
65744246
65074365
57234322
92500961
55546204
6020359
51941718
80822414
32987096
84328611
21559829
68161503
22695357
33746508
54810854
563242
21187456
39246756
5502325
99186561
97509818
54055998
53822828
83768948
13679748
70208829
78056976
30584777
36194681
99205440
35097301
66137837
34546889
77302428
66274997
54951849
4361033
60273488
42876599
83006706
95413793
63680889
93797662
50197393
72205146
81348530
47477232
61641035
7607112
6511120
17305466
80173384
7731144
34357649
33080806
12993851
54061505
16545858
45115242
9237191
41752848
12329654
66976518
11801289
86842598
15897626
88108737
93569425
22759037
63779136
36907703
53181535
64236573
19122497
81436907
2631009
72485502
56457121
67904240
61114206
65118299
67354530
68454251
79361259
63520252
75144339
75491410
72301183
20958934
36983201
26020229
82551199
33491650
23547210
51725941
27643074
30270591
17361591
52099094
31051468
20767188
88318373
66303657
40543531
69798410
53533752
86553319
73220585
42850481
85178983
84502575
22369019
72725052
70147772
72641850
22889303
86636481
31960873
22840030
25249365
63701671
57881988
97994387
44978644
36995118
29791071
94132945
58213301
98709938
47947610
19165528
50134212
65682332
74228816
74773561
3950183
7856352
80938342
43914184
34343908
82895759
35766799
69194767
41243216
47055650
39277372
70756554
99077129
98045586
14091425
11064025
14417384
95149801
43311527
81791204
8500052
14679638
73756945
39578315
30145395
12577678
28261606
85266297
90431571
14528388
74873842
88476361
16555502
65630489
39685335
56600184
63395067
58950782
84150992
52368627
89956128
49961336
76281888
21660519
99409671
86719926
58161016
30441213
6413461
2577330
6572972
50963153
93049920
25980139
53778995
17913729
53001320
78003455
9215002
70953993
79627935
38849107
90530615
19852504
32383480
47664896
25848141
94475868
6616725
72772208
51592844
46632475
308039
92088178
28512787
72222375
70737123
75764032
65029152
79883958
99317465
64290044
27390679
95820797
58636125
14186970
38677878
99815982
57370727
11817813
29023750
5011615
38291396
93679565
26237942
50175828
49055080
97201373
39929683
55791432
25571287
90696969
57546240
41085300
65939408
60844632
51945555
67585456
85339204
20854301
21625137
48907804
56604810
35099964
14964079
66678434
43619669
91107494
14290582
58506287
63967261
21632249
65153428
29053169
42548968
55627689
96954729
36887337
77195087
19954381
59328784
41142237
82545310
59099985
55609972
2302191
26186845
74894745
23263254
83797406
23473872
57662629
66272951
74989777
91673336
22714434
32047388
80974454
53725349
28920909
62630925
79494993
21082747
47789694
33866507
35047482
85124841
31653949
9852776
23931451
90050761
30244442
7030240
52261576
47660964
48707822
85075021
58780159
40566782
55398760
27105094
51545771
16709772
68728098
18296690
34735208
93834490
3870341
94941370
91102969
11673206
94213458
11114566
30781259
10911419
45319567
85995428
32963521
60083590
47366462
92855407
13560673
10819374
13317479
50477312
78654179
29848178
12571033
16287348
11844375
19017998
84813785
59758736
79833771
31222560
38807144
45388248
48299386
2613368
33532660
10740942
79531955
21319530
64927569
87598756
57460422
61048582
91496917
51447748
52144389
30724389
37674891
58593972
49618351
70079059
15541761
237966
76310226
12314136
35079240
92234447
15108079
33521052
30617225
14007288
42519582
67204782
76580388
20944455
7420192
50549048
64717774
94586071
38026375
47585841
25241506
47412033
72431639
61684466
63328342
94489254
59966780
53743990
30217750
10394450
56770828
5652692
11450198
23467568
57367378
76792183
23191907
51748023
30476665
55590828
94166637
66939147
19555991
65399138
49010431
1405419
64364473
78463962
16031164
87992392
9565691
38315481
69843122
44113138
58257872
10394377
53461501
69907733
9976879
69594688
52265526
92713446
77939916
16982286
49395526
77525739
38031043
69045365
94483636
6127288
48776996
28992864
76583893
5460697
99274284
29178873
41553825
31527064
21337969
19634177
17408076
84975277
90458043
34781124
65666198
31149128
36255821
12195372
4510124
28399518
41151822
35485198
12554481
53453978
16070359
71765756
31717464
12427152
68673678
49370480
97663806
51957346
15330253
8821049
72570229
30665249
1531481
11237593
45685091
59021348
95281983
56602324
76307086
49785611
70938671
80301112
23682292
96516501
97087516
96168929
67440160
17408091
36316811
49481897
92482311
82728071
97486541
18216788
49033214
45404421
27677159
30762960
11000103
17438703
26396688
5262204
67983476
18796848
11321269
96103472
50766019
27444139
14271406
99251282
26563118
34677704
15781052
10820579
5255306
68139578
95318504
76850890
29999077
12468201
24564319
98628265
52601408
30003994
61217924
26334500
22302079
85501315
7582354
75537224
98409988
67771293
81448489
19699742
95604299
76108206
46279741
16589245
73479378
66214129
80390597
63433657
28839986
25035945
70902451
57268313
40598416
44984994
37178738
78281046
77607303
75829374
7996572
98330029
24114501
42732199
4563563
34621791
67070213
65588464
9488701
80644691
64236627
73924031
85510804
89862063
91901557
72664819
41719352
62029318
86260953
92278999
35787781
44936151
6938117
35513830
63931914
10386448
98725587
73123428
19492485
42308258
99212391
63916786
39874381
74163553
67934979
37081163
55477000
88952060
12792460
13918192
76551728
94966115
97935672
41842940
48329157
79796089
22169061
9070345
31078922
67906878
94016734
5175154
87773309
10868238
94983489
9069678
12979996
72363078
77683988
91104355
31501111
47997860
5375694
33851880
64032477
978192
97923495
8882898
21743010
55304104
82793770
51673299
92330764
97600912
51417471
21222125
33387775
34234201
19317182
70510087
53330522
89994249
63517736
56528580
92293432
85387431
29742826
76073736
28691674
12184207
4774492
82778457
73129332
68283939
5024618
1441774
59822095
68730866
48441841
12834341
11934083
56176844
87095369
60739454
80355025
75617931
9889095
56546552
72160935
1864742
4046681
10284710
24689197
61024272
47656779
63715672
66555478
81214454
609013
45345396
54549633
85772395
49855631
39390422
41785537
13496088
27449378
78973922
41437939
40257075
72171600
91949781
44307055
59795338
50184541
99756539
56312679
97109094
32722395
70350707
90743672
91913118
71565515
48203828
50910088
4118588
75218735
49374713
95375914
80017871
42251009
50939755
28613987
57520707
34519075
96809398
58360908
2528070
69073609
62913698
63553838
47457234
93267061
39131290
92408261
48014636
10345362
73129283
77148059
79992452
30225083
46136403
60298818
13666333
58318165
73369459
50474602
75738796
64242452
78259292
83663448
98415614
86159259
8973102
87476174
13149183
11925067
9038409
80820797
23935801
22130589
72927242
45997993
80839826
47033151
29089656
26050942
60597206
76191601
48388929
51796243
82797866
9975028
30757682
18958513
26047123
74868578
88658345
13342662
81776740
43328411
97604319
72265616
12498521
83274229
9932868
22165140
54721078
1050682
33141487
91952175
81344239
95585753
94462652
23464592
93667757
30670151
36624485
83607108
49518793
64563224
62620424
9201948
89896279
96011015
92937623
63136221
63298873
37394032
29971609
67105680
54351030
87063372
44457476
73740794
49463782
84577786
39405941
89286360
13334671
11934956
47544874
70101450
61823768
63854764
5837372
57731906
3861470
74749022
88803650
88485610
16193243
29395682
85028
47299553
17502928
35883195
25781125
30397719
36125663
50869704
16697687
19039728
46055796
12813515
71142085
32213193
56990329
29897732
99481110
3318206
12046142
61082374
17756019
45281220
82503488
39399660
27288397
73157596
65403249
49596376
47665846
14811059
32076539
2063450
82309331
61414384
24026965
39977844
42566723
89158253
5236002
20220716
75129225
29310203
70790153
60452926
36099750
35166221
46107245
94539690
75571021
24627439
63996037
96338229
65890151
80445717
39923682
32267887
74631796
49864992
13390660
94076382
46461255
34966041
57920957
44664750
77246477
99820588
91166007
99218537
46673354
23765918
16631045
60622838
40574649
88401005
18738705
28171191
36708104
76899687
77906378
5115760
2563269
9937978
53440941
47019237
66346169
28731570
19005766
69129097
88906026
57418196
80209321
13450870
21545552
34621254
46929130
23831249
57382839
42565397
99222277
88749146
84692530
72821681
60920520
7757491
10381454
14747620
18202881
37491414
85919698
29478307
36513880
28438591
57331105
17300245
71048037
43633331
82261230
9756931
57478925
5895151
26955214
40261764
79911799
59619799
80895801
44777678
30941217
60947282
58697429
17462147
50756283
57345233
31365078
5023072
59067572
4919682
71866370
1624884
95082563
78885951
16485243
50874546
36713947
78361597
67229880
91985617
77301794
77477649
26949975
76712892
63974699
45035144
86012189
63240089
73796832
5480645
99794630
30037569
47757000
88646104
85940290
1181399
36148588
719293
6540421
33661280
79049264
52939075
17794066
3758427
665682
25864614
68981157
77324799
73945326
63729589
25086046
59776571
53277830
78149462
19789885
41309866
23015973
24225465
5581236
68998074
81727767
7023636
19626731
81473952
74308854
2443637
80940075
42754974
74783652
3164121
11060274
39176654
52195478
17611090
16764158
29798711
23412702
81379019
43346579
35741570
33813768
40028787
60785006
87092847
42791815
55167165
5280397
73034807
47268087
5917774
71746634
90403718
97228308
88734437
98474582
86470291
39576075
4818173
68944330
21902404
71198886
95949995
22530174
11950198
27836591
76678679
96519199
45207219
74118400
62022174
45576324
82787050
21439146
39111209
29727859
26086101
26871328
80479748
77647663
56891713
1916259
10035555
23149012
42385904
70777416
89097523
84774271
83756215
67434339
72606750
21517549
3473321
67182663
21944520
63208266
83739152
8707923
52383491
87627010
2856941
92605506
3185628
80388142
92797741
96288163
95060792
2471950
3301550
75578933
46209462
13203821
57975860
27710947
53497109
61400309
68138669
34261621
22609310
44338325
17702826
62171099
54597662
8749093
28750669
14647988
98809271
35969722
51681877
61667248
58270905
49704648
67240030
69558244
33153616
52799572
64072188
26805079
49964589
93020200
56906409
96107456
74857641
54685715
90639523
70164943
40835374
65940021
29499876
69018145
14748987
82844206
54909481
72492684
58917163
81782743
46306276
1734039
46405068
48907897
6611660
92779673
29995491
79037603
37596976
10377330
29057256
40033431
59698440
16602237
20596959
21024935
83637594
10464873
85687863
22852469
70079412
19426199
79282832
28458517
7098506
45855810
76842929
86855838
72697358
78375381
94504788
38911477
77498709
60443326
3029079
92580613
68308696
6144091
8383071
6134576
98666814
63355795
23657406
83437741
28693330
65485591
18565895
36448101
51565011
33792022
2312667
54729115
15344308
48205279
23676393
41394502
82180163
53762106
85258808
87065006
37101089
48079518
54448345
27984281
80611593
67021601
4567632
95089913
9078633
19600907
91783216
53722346
17854666
25888133
64644660
55445398
25121626
5022645
17334653
75653314
91204946
79951180
37078040
73346732
68512753
63790359
63317382
55979020
5649810
98316265
15970577
87836504
68060522
32600026
35478999
76103964
70800359
58811381
43032194
41742065
73995562
49413175
4039841
91968826
90156546
32295126
40716331
69486624
70777887
72524889
25353938
62954035
86175256
57567945
24808426
85056883
68745702
14339041
99979552
99538887
89350299
55008991
44683674
21800191
30552152
62751131
32981319
57963034
4284213
23559422
16453460
91952461
74817886
20445479
7706290
92644251
27833361
93811200
83013702
81043542
98502924
37681286
57402425
84344305
19006917
22224431
86761979
45627569
35044011
47617268
73826358
99885864
21679311
91015379
13828353
70186640
35588881
67290888
61970645
27004234
28636559
51709195
64116073
6886540
5081932
46397638
7079860
99179423
84582273
22492974
95602844
48924982
54759267
34538986
95488146
53709280
36583036
47152704
61566280
39874203
34999150
34487174
973435
93786623
43737347
94836218
1414984
91179854
63533799
10197273
11898169
7642689
18119727
38483790
8632844
36252
15440149
54988518
13843820
93429443
23326777
40919937
81920333
38495567
25419821
51943855
13902328
99734820
37382087
70725612
43538676
51834140
95149593
90839006
9119684
74149139
59428369
71792427
51507590
13856983
7681970
78130724
57897094
68908877
17491711
61391728
80118633
81995935
13174234
64909383
14158489
44252795
76627856
13336565
67156985
35532313
23057629
68944519
81449120
57256298
4013336
53841018
17738158
98807997
1311321
38474482
69737854
36084232
15682143
6307990
46785920
4807679
89164519
34291326
85026656
89396388
92184889
27772672
90958371
40780473
72850364
36107981
8045538
89613621
42171700
53476586
5525457
97743291
97632276
84618016
81698436
74408172
48909016
33264938
93162591
83081061
15776483
23492257
65994380
8524868
64758120
74593193
22790565
25962928
2537042
33252845
81237870
77439081
32176714
57630605
24059261
29172566
7980311
24905387
67133566
5272363
98610051
6777516
55799925
11271193
48142529
68230178
88761609
62718492
53102831
94543434
22364757
87013162
29272514
53142592
14456237
16519243
35857220
55544153
30414361
40443860
19043620
75868432
98980775
72282921
7813059
31404017
72167119
94944482
64400889
81707265
38068838
44187273
27441676
36820183
13835685
12886619
47512916
22973173
89701420
14609643
31302414
98971478
82338308
37987894
89252702
5586357
78660886
19149106
72992149
87785919
60765474
58553422
74449683
44148201
74679592
74069849
61440866
85783708
57738901
73571246
40340199
5497069
74054602
7575577
84964284
11532486
10595897
89510759
15057719
20807957
37725473
10275077
27731558
27296424
6769775
63905917
93313428
36086507
63316827
332798
42356290
94195579
58780383
52855582
39222348
60996614
36384327
983917
20872556
78491688
8786213
56571768
57444191
80705863
78277229
37424738
12348937
36613423
74043365
83565459
5827627
29302359
6002517
94113252
80215930
26847061
687156
38624940
32190753
8189846
18987360
78760735
18196391
83729674
5544974
39903349
56910591
20346720
44823148
94104965
2051149
75967428
58884185
13387399
7370526
21116200
45744007
80750784
96842650
50814201
50992392
11016242
67327717
54130935
78865884
29951005
22002527
43857559
50055136
36632081
71082239
3630159
35315678
99423889
45252368
22992501
2649921
72821511
74198621
70107807
50736920
75021277
33534370
36004775
23241375
34087810
60250265
52124871
67294550
77326747
29524374
21704093
64710029
52657416
83983124
17735595
25475069
62449239
65137829
31024542
52917118
60009987
36722582
14462794
98789239
79665449
14896328
66095698
81765342
55107385
36383574
55084756
9891153
78126895
85693916
70460999
13375475
47433065
98162349
45453128
44087961
28674845
60708232
50757139
35419390
49310316
31628795
6795622
19021987
49112343
25319344
18875267
37277005
83908285
54822449
8249358
56593808
78684735
43889563
65976636
64022436
15062706
29202842
71103258
96205609
34080113
96806252
96582609
72498451
73720301
40344167
48504733
28691326
31067326
16970839
46313455
67802641
51421668
58765682
89747042
13042253
96855316
29297512
62595064
38498611
36329049
30681164
98520332
39600082
72977077
99595701
22144084
13504407
5822127
47944821
15817592
1259550
48313017
29276143
2860123
10710652
72895321
74708037
90695671
64053726
7146036
51397935
81292812
32408375
28297418
95478047
30997433
78100816
18911208
5184877
93524555
44137065
40221658
62355489
73202467
53619308
83442053
46097745
61729502
70318940
21954479
29862546
91666703
49588957
46729833
83076797
67165175
73195576
96025446
34378404
21273672
72463754
16652171
36164795
56948650
24328383
85407829
37869803
18207614
69571995
11830102
72456269
72890876
35961258
92583190
32601248
27567649
6214280
28117056
59837608
83540058
58467370
75143611
32276232
93793580
9422892
39682697
48125698
26115361
98839025
55367641
76188707
4559779
14088222
14058439
80480435
39367614
83856516
66150848
59604274
20159701
79997470
22239008
39517958
41063150
38252374
84857350
63057388
77199681
60254931
3460214
43152348
77419137
20721714
48604544
98571803
73868244
31321997
59025959
500785
51079175
40103640
1631494
89259892
2448261
42814981
9639132
12146253
40710516
11781553
76532071
59602730
57660878
78295907
96618625
50612694
74985115
84023710
21440318
7628436
8601678
88461731
19935357
11618633
35930023
82809709
62153665
54248712
43232936
36840728
24629373
55751462
61826543
27280564
69941614
29985203
19626367
95399402
19621462
14950500
40503364
77184153
4502890
13993793
90319763
62845498
71369185
10716317
43743822
96067584
27720212
77325036
28546488
47712945
91460936
97406427
9332124
52024053
24536272
10606221
29497620
59211031
43302170
65327397
4194958
50814512
21588936
95533478
53162231
84384390
83332218
37814531
82612605
54539563
80009596
99428446
82955772
78141820
91632157
95103159
12115970
39970282
6855981
13521943
12320261
85424742
94279768
64819328
56108389
38199113
37156195
40048691
49952478
163974
6437865
12500631
26581748
99032242
13084012
56270364
23085001
20308973
53424722
47441822
54067020
40598998
70666263
1208804
19993026
36120160
4005504
12736664
46344237
62099328
29799501
86553467
32288798
78106175
5348413
12303360
57377809
63271238
2252529
18501249
15478093
77829932
88757506
29309440
14001326
75349767
51447510
29253412
12197608
80940977
7213208
97689339
61616897
112050
7608798
2276129
84871666
19053876
53126992
69975928
37233153
72143835
25764386
68350121
64483703
58632787
42005071
91288038
22807061
27521646
67252529
82912609
53733698
68584575
57920273
36540325
3841960
67445093
98194977
41284872
2282992
81028598
98682294
68008778
6842775
40264266
1678060
21761061
89876110
1691791
78980604
99180960
73559633
92440293
95926422
50805675
94152556
87099370
53592536
39880231
2986889
516205
57885259
8038887
86519346
54640148
46573160
93313223
70426563
71644391
9938895
72492433
69879848
37913293
77278505
45899538
55034981
23315999
46715405
88200866
21359213
13908606
2497516
46720947
68438559
29064220
97752911
88656551
19790144
31354925
9606024
54371794
69605842
11756145
68567844
48299131
129247
10835655
64291660
47951088
59578341
96992096
68029189
31037320
61783514
74891433
22795523
29799066
51467765
63060133
81356691
58172514
38564117
43802347
55559547
11672896
21457489
5201291
9299594
8057984
68788678
34327856
65741236
62581463
20925571
26367261
35640179
43200141
36570741
56107611
24084651
18396821
90560723
68256645
93842968
8374695
39769337
97297449
51877768
93861542
68184660
14908578
63592595
21759526
67526772
10384932
15657509
25817905
55153135
29935392
64485661
45378388
87609091
92824504
43774341
6114456
56480903
18073222
81037316
75445607
4801738
92261984
5965541
11159051
8827374
37212883
59133816
26770522
60443828
74247521
16553902
78041097
80578959
32384771
90540709
38448334
33524297
75591706
56604476
94193305
58572695
36092647
48585644
69936675
94325235
63474598
32441283
42645335
96890013
33145187
69054954
84473891
95254439
79208782
58101911
56436506
25152487
78369622
51108801
40589889
62571633
771777
81697037
99858011
61678981
99010890
44729427
88095382
19281006
92828337
99220887
32980383
40365819
33374990
70349724
74917687
30939569
44919286
96623078
64323169
62921204
46731512
56176146
29442568
13466212
50681691
90432540
61448207
3478979
14356722
91583573
1122083
71075981
65926774
47768167
9060386
53121863
47361678
53727540
13011338
79364593
34357491
10606098
43005021
34004081
49296127
44676138
48944739
29287490
28119612
93065563
72869578
13626587
39935383
41107447
70438972
62041890
53553579
14453064
91356450
60158008
21042295
40973576
55722402
58662687
57633756
68629729
85498065
20028861
45034261
19156540
47579924
31046917
50364015
8210331
76379661
31443671
88326257
31152672
47572927
20371364
13303306
79779547
7069822
22614453
26550176
90026221
43944492
32982586
8342269
77846081
46021642
4931210
31532782
79405027
41317133
19633553
42853035
3845777
17185750
68490668
98898299
14761723
10000012
76857128
56453813
40280833
41091319
20691861
69279922
61654159
70873193
8255905
3953804
31199973
31572372
9014233
10904942
91389013
67129599
70940761
91756906
26376008
58372262
56662505
70080487
95046641
15250497
88741232
89542668
42169084
8552071
8938747
99916304
95573899
10346793
67587719
13995680
9616555
72357147
17040827
53761693
85292212
78730487
13247971
26393989
39795427
45020868
6062292
68757024
70185051
9277416
51769040
66185836
66432499
95310341
64349679
36547549
89979081
17504930
17314670
52858411
36722062
80701980
52062452
2445185
88444166
88188215
81308739
58979587
11918701
90137248
59571037
24465638
7873964
83375880
32299854
80921704
25101097
77076072
9576697
52671891
9050246
9993695
52492212
99108471
47473458
8847354
18287386
42832032
12792779
74960455
31298566
81867074
27986918
61923963
78297451
93221026
74906983
98459676
44122689
86448242
80788505
7557534
21818487
10891154
75391313
4859284
81710768
60454212
22905937
81198273
22194115
14336882
74885472
15433622
19943397
42853282
83895904
27981037
56824589
50709516
77526857
73232396
3115882
15104814
32944561
51782777
77748356
82641383
78304772
7606844
14261700
68771476
55819108
43014647
51655045
95603266
74394790
2847154
99225849
70185752
64038160
320371
10317919
2460820
55433288
81531864
36757055
67777552
10233979
5384679
53825886
72995387
70868994
44553381
92933245
60341514
63216481
32678001
5712402
2686601
29817205
60266889
54832884
35548876
93426432
47085967
10627552
66597388
30510819
35918660
64632435
63225514
59546511
89855497
36509374
82407706
94280313
17282864
85438003
89263841
21756523
91367667
78848105
95799321
34443986
99970020
36995135
83666367
63245297
84166541
35191332
23639989
56249064
85805430
31902530
18491802
53955431
66268482
71006545
19605412
70430865
15181659
3347269
17755602
60327930
53568011
17261117
59451045
95922877
45861293
19955646
73055465
43383922
91882258
24363680
8514367
40386100
8426750
26672851
87672475
61933209
27187073
42010332
95431776
27885017
61141833
35816396
74172083
30251473
43538309
10324164
62798280
66278857
53844617
81015955
70885701
76124880
14714430
15065842
45525439
43007803
49157410
41031825
52821819
72679336
12870400
60130813
38709229
32858345
44707427
66655874
17689547
15774776
23466506
20489220
87411601
34053192
57216197
26309782
1630584
362446
62396675
15249935
90615548
98994504
92789286
7585654
34817786
40374960
40760764
43355061
10805871
95372835
76083367
4891203
91788517
4353317
78982414
54687483
72647365
28465834
82183937
39003540
87347610
32342023
58122931
17305451
96181563
46403810
13198045
87022278
14379859
96078158
63763193
55055105
78159152
427649
21097439
67263454
4145051
79146700
47932670
52225358
56287676
25508181
24039121
67218233
87285282
8211983
57091036
944567
94695160
35082414
85510623
25692349
14797948
19457882
60909031
33543308
76220017
70531637
45428481
92506530
92505444
63830204
10864139
77237576
41486549
33964195
54340631
2184457
34414715
14947323
26935520
1341772
96995379
31540149
8192242
63188607
86506455
92892964
43415344
13671601
46490077
59363100
25328784
34583453
24181036
65758055
91173063
59748512
16303187
80663954
76230144
77671260
55638909
16405019
57272305
73434502
56181728
40560486
11590274
52321316
79885829
7976627
19257445
9306480
48237924
45477834
17415966
98643058
39713644
44010833
21029521
86093526
35693825
18399787
38853361
98963609
96270895
41113512
21555021
47992392
47602224
95973599
94031686
48245991
80472692
30460458
52874460
63116233
95509614
55515573
98816852
49082684
76249098
64017493
62571237
81746946
41835368
77467540
17447878
51440140
22239392
65958879
58240736
77200727
79662763
46856118
29625851
2137935
22314682
82307769
4283417
26814310
68676862
12519873
25279616
69561319
93886157
39151315
84503470
4884636
29026912
78550159
24994078
32828872
97954751
73553301
67282988
44507739
66897300
39907481
36675177
81121327
83922712
21088449
94169267
85651715
69890082
96206836
10153577
52886844
46657603
2831449
18796785
27648897
13930379
80371006
61024723
66460685
12496057
99601468
79859906
81492041
90969999
8646506
73529595
96661564
79046627
85236881
87906641
17465514
61826237
73657235
90036654
88839109
33981963
12065984
12361834
32096775
30916316
9230025
49123493
30951043
75666822
8206549
99408462
49353527
71242980
90911580
38020119
68026881
29699449
56947561
28907932
39145976
13610928
10560395
15314420
82547190
46621599
85244110
22478389
13603739
98051506
87627848
87491943
21020534
68859723
75734971
26468359
99768891
85490698
55346847
31657840
65799763
17711771
25758917
89607812
5788724
69106126
58944934
17902524
10429556
35910808
27556569
43554881
15671647
13035120
6330739
24444016
98156887
68578335
20238693
59592558
49965089
88363751
20132744
84853334
67814902
5005696
67319113
11631531
91155733
42893488
77323831
99599639
3941552
2625483
80907827
13005911
9880486
99906531
66325370
94163287
1554211
23620070
14629100
13461691
11376772
81465012
29393433
41920557
20421857
26885740
96125320
87834267
11092406
1957458
32223284
51617935
22387641
82715442
65398750
77943025
35230461
87577301
74656105
24842449
34688053
74419739
7764555
91283635
5024801
1713553
7834082
88377971
65177290
35226601
28430341
55515229
84627861
2065361
28905518
46758878
37263251
40792280
83152553
22233579
5795447
44052677
52350274
77511697
43351542
26414529
57147829
32811376
26043071
78691085
74198077
13536463
63054081
32304104
10087023
11152568
46935586
94741911
94318860
64008318
64020440
57141406
28625081
71731933
28193945
92176935
66803057
28249840
38585447
63863665
94208578
10240941
81146351
18920654
3413153
1331403
50078163
32122077
98602777
94574206
9410550
40073681
94569935
4653460
61420919
88806322
40843435
69938084
25671414
26431232
96314115
79899209
42519021
22446112
52530218
69892855
70416667
18478365
84013775
11510081
57033553
81221313
70530663
98584827
25874892
57129295
56192932
72866702
67971838
53361532
66388021
77533917
44391639
52045613
18979151
63349867
37517876
77869338
5542813
65754039
48374429
35101596
81889659
9609421
43249294
30251454
98379325
45763610
43812513
7450180
18005670
10300276
18163224
85590999
77555511
91552520
23663474
383939
16854523
568942
61263179
26765683
76794817
88193633
91346783
26001320
72001221
43480246
5824913
38079918
56511919
47863637
47489308
52838269
68354668
63129398
47043582
92959067
49264338
12789502
84990072
97573989
66005593
25123556
5485307
36658187
67721790
1853177
95105224
73139920
71726471
373916
39076659
16687997
40553257
82987545
93798488
46974445
94380699
37960126
45927309
81997293
85893192
68821860
59626942
31655457
53837970
16773027
78904564
51871982
87961824
88158512
75152525
63996546
95118813
86408393
58486838
48471480
38621993
55514477
70614466
63312565
38555102
6184027
33087491
74849213
85341769
9814325
25126209
4489562
18265255
77689751
89252196
38861706
90533414
26825589
25091522
21412998
97111460
65411125
86307913
16812205
40051912
87070001
17402544
50849229
31499567
95955022
7074085
96246949
82372545
1280551
14063215
33749269
43131993
28223864
4330254
7195189
42832761
23381249
8564300
41387701
95024224
1993309
79547362
82536210
3796137
38289273
66874404
17348076
74401067
56194187
58057639
76541610
23025826
11482377
52855067
48674580
17061089
57148167
57506533
32332317
113876
40024214
52132405
35982491
8784521
76749744
44621057
31083535
56132576
10264206
3236259
39949821
90390768
85928473
76555968
16324387
99956270
64797204
14868628
15749040
18517481
93393815
37571852
84210161
31326185
98983917
57058442
62082379
98983471
45913111
25919370
89366373
22511722
75048927
74641125
76377499
66335243
74002008
74861326
25125754
74343561
53211441
66007520
61983427
25378461
79250372
6802018
50349346
23099257
55857806
17744684
12977333
35522872
23604060
7806601
55117276
79741101
37806060
40456676
8846090
99115083
28754896
10082245
41873497
27770371
84014838
28329155
40446112
86850596
618000
15346147
93207875
63422383
41307779
41281845
83965279
54904798
30556069
82284459
77555000
84447282
70919250
2627633
5649800
15313168
58771164
27812648
11002718
4384971
38314025
40586099
64203375
59130638
54479135
30579984
8739101
21973687
50657978
4178453
72710205
56848516
1449056
94434755
21224933
84930760
67332957
74048723
98657738
31479408
75229282
65181896
37953900
16538198
22188974
51333885
89623234
51761069
99269124
45981455
43274
82556962
66183336
2244460
31024524
43020481
57853377
23318202
18721712
46859671
79255906
23850688
59290806
90939327
54703617
93863209
81272614
33647195
9444204
46211794
21985583
23519547
62526826
7539901
35034444
17025373
35088283
69989495
1858132
22385812
90786687
93214720
13582777
69685881
74528348
87634466
78936994
18964027
52461417
72242692
7096168
88621126
31177308
75455651
98021185
53519271
85932877
1499407
360300
49564416
75633159
16368296
59375338
59341276
73706209
78277625
69251889
85254660
9849873
29874017
4493
93550795
92020856
94229508
89561146
35905510
86194422
21156198
45496437
2567327
94675902
11753341
22670582
92146487
67901675
93758528
66531771
71209538
29347695
44544241
88890864
37435728
14750450
86439566
55992785
86322053
26751031
61863215
20638629
50050475
41058156
82684191
37000574
4491535
96695003
51224698
5501123
4932154
19848840
98594586
92394758
1089800
76952306
56357610
84922979
527691
55305565
15724639
28270681
43649997
86678457
49357594
23840784
96908911
82271631
761583
37780959
92479681
95177236
30390117
32181803
71228635
753856
58354116
89329277
8308629
88185272
7982838
63063019
58709480
86596608
35139429
74339465
41644482
51959747
74241099
15700508
75989486
59632645
22223824
15181885
62209654
8322125
78537288
64537555
84745267
69393280
13160518
14284298
71639632
75882927
85324516
72911542
34702373
62889530
79822581
15727786
36223967
28974486
73660640
50231873
66538680
24184424
845847
29349415
94050185
35542980
63498480
72402119
92927807
25504338
20115402
79896137
49881674
51259975
85028495
95681663
89142175
23509102
37415058
12556545
59801475
21276519
96492886
26076770
10448640
25774877
86114549
52336379
3840136
99330902
29167016
98521356
90829672
42875793
16395694
8685986
61097244
11981579
41389214
49286941
31301293
95290566
80741732
67591608
71653201
45592812
91032629
80494377
78337074
8502591
77521295
76298013
24268417
88593554
43186054
59697812
4478620
35798745
44058984
14684753
32432772
45858617
34852849
8201690
69281623
63309351
54409764
28627889
20989077
53423493
2009578
42205774
59972995
10772147
8385343
13349568
24434118
55259580
59439550
1759486
92040454
27652250
88051542
33707749
89061197
25083454
69195900
80249082
66450129
90119300
25392884
95709606
22599018
47094631
69824475
84971782
90358906
18692382
78276430
92654721
14839417
70952754
13613516
59007798
21423089
98001555
58700322
99367526
66792693
53941693
30511463
27656837
37812127
26174778
67852185
33533842
95685336
48787903
59142146
97531467
4852336
22575621
17766535
54692246
40570688
33308726
95164561
11371626
43412775
20931641
61290023
3109304
39015078
82056008
16608687
39319214
2009642
67153190
57686852
707110
90872941
87055555
70415641
42376750
34618243
3930773
54763573
22777031
56437296
50001996
3578745
35276650
24189300
81708768
28196727
17279958
48002469
25173004
31855551
79020092
6361615
52272326
40563829
90877947
17520551
77101966
85021993
20276312
43314507
79754145
95239054
22043781
31477814
37142622
7567426
62219106
6032879
8152320
25059806
49027809
80101828
98446989
6008150
85235173
50355402
38143287
30917950
28891757
40441620
42892670
30544834
60136893
53877361
10418991
93311230
56687831
24059789
47491284
43270906
568520
85398028
16449574
7659802
34899578
36641184
42837025
46770324
5701717
11130040
62006594
29297473
27616577
64534088
98676621
78695908
67634425
40136291
57865600
79220486
86578797
86022336
88968906
92600920
3290489
87617432
21724111
16048091
4045077
91973869
87609186
74906713
58546909
74011831
53423066
50733346
81101388
91052351
89757687
81713861
11192532
54764794
9531327
40333489
14533284
69282957
15369272
32764907
22625530
1193010
18289001
35559150
53278634
36429047
25582755
90616857
88028496
21377681
47869264
78910485
89704323
74170999
93795731
89880266
55949230
46574564
51231422
11417991
98715350
13091807
30748777
5459705
2504090
77032695
55374493
18397267
3484298
11137875
40348172
26332546
34968855
76517601
42854077
50076363
71997443
41553483
61438467
94581526
88144548
74933434
38496133
31381531
674720
62735992
3782030
46872166
86055313
97840018
62870731
79506049
11381083
14626588
2073595
57384054
78758802
2962668
76481633
9296865
77395324
19755329
7489818
30204099
716807
57426899
87173156
56855789
52301389
9837277
26130094
89757009
94132422
54552284
29287901
45769288
46776311
5809534
96567156
17241923
58694919
3960535
96937229
81666981
23833029
55978383
92670228
82389890
95131627
82982610
53491769
70647162
54980839
87700210
58747205
96851051
90394432
62885052
98403320
46651097
72662847
16155170
2068633
92663487
66382554
17642475
23599819
47960967
51737569
64305145
87369067
50477355
50880253
18598756
67698001
38552483
67317395
32434259
28086375
18083919
96799037
66953084
3129110
83669421
67056694
82517357
43943696
40937494
13983950
50813721
86803184
5925248
75779596
90941990
53463112
16458145
28021428
65399105
30128417
61958704
71068235
95921845
44023297
34403167
82822604
69118801
40275681
4740582
50933020
10785040
54711896
43331741
68198997
38550547
25597961
26263892
80858542
58354305
97964565
65388304
4663318
62825233
98421467
55323981
61023667
2444915
38447877
77810007
85460715
91040913
84220617
69168705
4991403
24046581
44455246
96215402
51105172
84146896
45156496
45179563
27137028
4534333
57865162
98681354
39864722
85344880
82689026
78000764
84986300
93237023
59014295
4630442
28041701
4395696
4519447
38599551
68988879
13909518
49604832
77088426
78002967
96805926
30220613
35133587
66954876
20148672
96748688
1476759
19285870
33071744
60375540
33038892
59454832
74966769
53780878
10963682
1669411
72187117
28343368
20706009
97912591
3993385
60268845
88522020
41655967
41669707
81229665
63840714
50191883
90643550
56292953
33854602
25992018
16889697
93060802
96302222
33256021
23663257
79999919
61504073
28632413
16227868
73392409
13138622
83665556
74106766
17961805
32691441
14251529
79260693
61681763
46525796
82398245
81582129
65140556
3876587
4471164
20940841
75919267
60288647
88604331
72632804
66091207
91389137
76078611
30786399
89994450
10021863
62057796
51487185
20637526
66386892
41245505
23260147
54377093
99453260
25964514
89420399
91620900
33200493
9312397
88098007
52318215
37492142
62568054
97270666
74607557
98562826
64853618
12630019
269431
77133876
5752579
19857822
59133488
71506464
95701953
86674318
7847835
23270016
75242150
84376955
14221237
52243824
82119688
77785644
44659283
69093897
69310501
23511868
44380143
16533690
79682385
91015554
69159689
44525146
15452487
48902398
77033619
76194993
59671390
1144897
95747274
24664757
38263353
9814639
53005834
68743402
21551988
27882981
12158999
30294303
16452403
13962137
17698917
74400387
6614512
45180485
52071242
97812150
36015794
72725114
21424717
19516907
26747004
69725847
67604643
72561329
10590973
39243485
18597792
79532918
17839128
21753132
3687227
68556403
13935491
16441545
96346677
87548490
34923934
36740573
79217661
26391334
70453819
84903383
32236507
90817177
56114573
68378323
5280953
89754143
2092700
34267296
13764424
427733
89923127
5990338
4674537
96181262
89407463
52428335
42944468
55306385
11991895
70140671
10090091
28101302
57926976
5731728
1070827
11865015
13097113
94668799
99471831
84846169
98637678
17163471
69044939
54588555
62710421
49549530
97412856
5394862
86030269
10346469
76024206
45925303
60997338
12102226
75908820
68133619
1338945
54137242
13525343
74592258
11287444
11827354
46706177
51818138
22836407
77731464
68532273
89895859
97724112
31716003
10563790
37741189
50193593
20582553
47604921
93388817
59972465
69034505
95869648
10672129
43360544
21308290
86814578
27146937
12003616
23745927
80071844
29551794
11733370
23809012
35876906
66506807
68930479
36167948
57587056
49635586
16566307
61967581
95665452
18621814
78948347
87498805
85546958
97976025
13218598
80977901
30014942
61113663
19796929
74682748
78142720
63265352
80278066
89647657
91337663
31690073
6280132
54072663
41864691
10976585
54945536
7398911
54649637
73698502
29004924
55695846
63923690
60015732
4055948
72752057
4410965
54396610
22669972
43551281
21103041
19274491
84957761
70414053
71418077
32788616
43413512
17715961
25860790
30648904
25897663
26354306
27844615
63462786
47335047
66080242
61572740
10142176
62546626
35834250
72460263
2794310
2873944
48871919
72673117
68060305
6474326
29810431
15272781
18175343
2625742
68361437
64790745
70566645
86120681
29109526
78416191
65556739
4807284
85104963
11458633
55545378
57560511
91244194
22566957
2114850
86684903
43799418
63288789
41098676
2977971
85595904
37693043
60701309
80514470
73603411
21995853
79085400
44179821
30908614
85203306
61072158
22813967
18475588
54721869
97871238
11635470
55127451
34133307
88946976
88135265
90204487
84711514
17290585
36632707
28046834
87154473
87317123
52556623
94297975
17790098
79178262
13754145
58557210
85083621
73323117
10737476
16229561
51846583
31736071
12180077
45502894
69233924
78856367
80450091
14632711
17533763
15713410
11595099
53532747
32605404
60029089
16264686
48603557
51322898
26807363
19532363
84148985
12327860
46571449
79705054
96762810
97811051
105632
65283769
78150933
8086934
6078494
68236146
56147671
7109983
87101634
49253365
30675252
32067646
42682500
87118933
39523550
85271267
81626377
7874677
31267308
65288725
89976385
82532392
98365763
48801764
24973285
72439889
30816680
38776160
19611968
54053700
77466646
33576749
93683164
38225832
11808009
65728329
44250335
94819573
50622140
49801647
88691315
45751681
98907682
47813761
21064835
76970263
70862364
88466838
48914698
88724573
39616637
26206966
46438753
34133219
40375053
88603296
31264013
81720894
92235460
61030525
11657952
45226265
38210425
98731402
83700896
75099209
86407923
69179183
40963988
22517429
17441782
20513038
72206094
70714640
77176819
32400218
1309454
73732544
40918537
41635177
415524
21899852
30966361
11118363
60714414
44774103
80311423
3626483
86480204
39504840
53876254
66275906
37453908
36175582
10444836
35591619
46812486
53148791
24363731
61310305
65377250
16370500
16976494
24920955
57265162
80475050
38565148
27464107
27925576
86624623
97025719
94497988
89771647
90469504
68042037
93433557
10338036
35992556
80003579
47262657
21580176
74678741
99922621
81023155
88013380
85324551
29687057
43116239
68565454
94913767
65654618
48385928
40021485
83541245
92330681
76092465
31232994
42866545
31232642
66387319
72640154
14980220
37533131
19275043
22347634
36009521
29740925
58694411
42151441
64844538
22307181
94669595
86932952
63593438
59864826
51754627
79388833
95148412
70184234
31242011
94761198
12055483
78721831
83052572
18741655
16015294
3015634
42691567
90360983
1402392
47971316
72971743
13137448
80444913
65676964
59494885
24261965
579197
38358689
76801495
355949
26543028
6908177
14319840
18747978
77294229
53392790
9022794
10989453
12914927
93613746
6798540
76871369
88876107
97315868
26661621
10677189
27511908
46945120
75535855
94128169
18279153
95050264
4529232
93576613
69929941
98995188
57198767
65301397
32176761
42864698
45326799
83943156
115563
41914256
19533797
19005217
59804092
73615165
59045436
90770018
34762366
30225013
81326249
64648025
68540392
73178463
54471367
11544551
54896861
16979080
68482957
83791596
90878635
76569617
89242315
78963273
92298583
68621343
27514013
34415610
67822596
93830748
32581724
39213420
50384027
72760781
6821184
40211430
23048935
77622122
10399920
66573106
21863882
17244006
4312527
27009316
12554131
87211012
84538281
5509054
45427129
96773317
4179709
41154293
14219393
97302232
39589162
92030234
28023314
556189
90728887
28148246
52994932
90762935
94961060
65876483
64328839
38209124
54714427
5462336
26772519
54487255
55506506
11146120
3377695
35910766
58176770
71495637
56606254
87112883
39726786
86622830
48566467
23645974
95555768
3686457
86692004
34477670
41438725
18311010
59275502
45600916
47219071
32709325
34026784
86400873
20910422
8068307
653826
78025089
74639161
67030487
4484649
43690019
50999344
46473372
8430060
36476843
38517321
1034609
999317
64046630
15857925
26002859
27417683
24323876
64786513
76625794
66543116
33881616
53344646
54761298
8274035
48881699
85871373
75620206
23730489
81947606
94185341
63305006
38492275
74496664
2544619
380720
5255135
97251875
83609991
81974126
80370320
27390535
30544802
53000144
26310023
66135253
60173759
76522878
78615984
89214893
83430430
22939720
15179015
4027356
92979680
2253025
83481033
56310473
98118281
94018046
78317440
6067950
52070661
70530264
36510582
881376
94814145
62041029
1890395
53352887
62907012
86265742
83661982
13920330
74595033
74164515
6644130
48629660
92609377
48773395
46717368
48646920
5011296
31540921
76667706
91233052
3047684
73442294
18718510
32294429
98383899
48466309
12184895
11598116
67952065
27188206
12211044
90688168
89012803
2979720
84472693
6377536
86014383
8762082
69842707
13926826
90342693
24294586
75310716
62642095
71870268
96763546
12032974
10180284
23449283
4969025
98136697
61037975
17203063
63539845
49179047
97916095
55944543
99659910
84100389
65282013
85964114
49456368
96772777
64612364
61115316
30583936
98151777
53843729
45593663
12444745
86483535
58314864
15521949
41504051
64745368
68885653
70863906
97504502
84033235
53471172
52649047
57859070
77995757
26178761
1027165
11140799
52224474
75465758
34124119
31959568
28267444
35976486
13296271
33594485
10216222
4113524
68448745
51677068
61577554
83617829
89592759
93139263
34171502
20700478
30136738
43190773
63077326
5499353
6194760
68308967
49588610
22323666
71488060
29902544
61786337
52349003
39433456
80655264
23234319
71504649
10967283
48102172
90328131
6700088
49939753
30779517
15705922
62707312
53550214
56714233
17590713
16224107
53410886
23926753
60285551
66871901
86398610
88595672
15153576
30602000
88332356
75384292
71762160
53550288
33026861
64177952
51199815
36514551
11725637
77890332
398165
67622257
66509019
88095641
62172672
6173775
20835688
23520365
45346203
25150651
40615408
94146862
76864332
24383568
45241566
93860360
61269674
56830085
57330777
31269532
2079388
83005453
56595852
66780628
392691
8850365
65692344
91097122
57898670
66457465
24043894
39132823
54612640
58212065
3001125
77489762
53891564
79978154
27238326
55671904
4557260
20801006
61011734
77281364
69819934
71665889
29630891
53907077
33804079
51935372
89685734
35163431
73511986
1718476
48040409
67799754
49539031
1199990
53665557
88691964
73221888
84767279
28067577
67864332
34171533
12005539
39513609
87886609
38328353
90520634
73175699
35005386
16676697
27450704
13084136
43648747
33110965
52982080
28909431
84748387
49154206
92752538
47492934
5242437
69157034
7259178
13713077
32402013
95958757
98351731
91190818
40240776
91951095
18145034
32592307
11421926
45678580
44814945
85567003
98894325
42912284
59748770
63059782
53265496
57365328
18972551
79487397
94417506
48415961
54369368
52502167
41565491
1693751
67032266
63143964
1303558
1829845
20972648
93100511
59061605
32456239
68877103
73683065
64804077
11783955
64936243
53121515
83457942
46771603
10193100
46134835
38907821
14723853
80144907
20810866
57578763
70796055
45333980
76661534
32465855
62223556
30330735
53148826
89656744
31114236
41073909
9623270
75492445
46017249
88088007
69221329
24067758
98886758
50319264
7483253
63255725
79040401
86469111
39601272
81852177
52676856
15587882
97708614
376337
4974852
43123813
5760605
59712053
9749426
17594947
52120381
15570523
6622829
45596388
81369099
54436996
94864905
69031532
71947105
28948791
45190904
36494548
2732104
71386211
88340134
91678013
41453380
43174892
78317278
32041136
31718234
64168587
19987646
50861163
99995261
28475201
66117184
28867565
84528960
67797098
20222677
24072943
58342862
47889912
8531724
78145944
48421027
63576901
44832917
1981337
96400932
71753081
83653189
77909680
51162739
87548314
36292147
52959474
35750956
1078624
55608226
41260851
68111291
22467684
79702617
50470303
77584103
80247901
41905923
62185647
87417932
57745364
81379729
13499660
24467603
88959578
16523915
8303964
73978207
78578475
61450938
64580248
3077562
63718932
710277
9908314
13378776
20202645
7822901
76012940
43890406
48149328
50312624
77964811
1897634
51400179
86021405
75412643
78638881
19274056
25954671
72299779
64220376
74695732
92061675
49345991
54765093
90064653
8846755
73953002
52637471
36340623
63611259
62316235
62831102
80701053
82807153
96965595
51784014
67221969
33409384
26836208
31710845
4915897
49524181
41653771
81553314
88257325
39331823
33640266
30186590
16438143
18959966
34953237
84974524
11746487
22344629
14295872
12298704
81547644
40982052
95559166
92646271
3862381
77659260
25324046
40381809
7017211
44098666
74542031
27989547
95430436
895020
40899887
48161998
43599533
47523528
76932230
26217668
17377542
91136768
10403795
58642200
12021253
52805706
29791019
50884238
7408218
60707925
89732356
41794253
15068022
90063024
69990376
83774424
95690791
54594959
80251494
25437703
59360826
60153515
59565689
59507294
49120414
57386655
59361309
1281483
53014346
53802924
92523822
50600050
21877383
36697688
65077232
34560608
15834506
82021562
8874697
77069266
28198598
32636951
29702968
34679226
57813363
18161167
89480158
2811927
19354917
79787180
20939047
28142844
87500430
86282470
64305693
40356035
78079948
99776094
6972307
96443608
2512439
74275676
63561509
83378141
6511558
93006093
60400874
85069781
88322881
95810283
56683944
57033784
10277862
27731771
66552357
7051639
60831100
87454203
62031643
30021181
99218793
6155639
39451212
12813651
34307122
66051402
75726857
5122736
79533402
18708438
75352324
88302439
18946441
22914997
60939355
46941268
89013096
26824273
18321027
11752545
27572015
12278266
53221994
9056530
59384923
43732003
33352483
94389142
70407195
29417394
6834717
48209834
83521174
50284206
49267542
83665701
18253703
17674484
32998210
39247929
96531049
64919090
18744888
90979971
74918647
71858296
23546732
49492182
63701873
52431268
34744809
10051737
82265986
89290054
1394883
18127728
98081553
48529834
62782195
43152857
85498111
82856711
1745970
65639496
89979166
83670600
32688213
92113353
12857734
66040374
96161312
45166257
23205850
79729008
47997964
48981557
80029654
26415921
16496756
59259859
39281520
69757373
29716949
56571268
939534
62989075
74996175
19549419
81450309
3664477
3332088
76390206
66897010
73790011
44109087
68705127
21864911
40024161
14148073
70641305
90462588
88029354
59598019
93543162
73748658
51678667
68837487
36060420
4941691
62968659
60769593
60054180
8999526
8671076
72565948
32649875
16569548
38194619
42177890
44611116
32011012
24484395
35463565
43783512
8636875
24853123
3039531
31491804
91888283
77528198
54485600
70785665
98198179
70390375
33656465
79602151
73800135
67759347
8011119
80658485
37099706
89387219
68148894
81726197
39432569
59317394
53422454
49330233
35610655
53474068
84509225
84608438
89689192
76200546
64447436
5773733
18971463
4653450
26960447
44575173
3656267
34286969
54566551
60017496
50945589
34865837
6566272
60423190
47778206
17535857
29320634
93839399
91541432
28550708
95297906
51342384
89459288
85489254
55771145
15837417
59873916
72803766
38278980
12929975
35848671
9107473
69228967
74695824
3101305
57504665
50108671
14722207
51864640
61997547
18247113
21808667
77045302
66225344
738733
80078319
77400380
92393709
66816217
16021017
43207686
41909197
26906047
24166127
91303694
53891840
33184322
31932942
1373056
45958694
83540770
38745447
27362769
71222786
92929405
94558442
71040264
80333862
40972497
57019645
83594566
21564595
20026037
20942618
35239003
27881514
22832663
1050298
55849279
63694917
49467575
53321334
39122526
42706707
37234758
30975044
28532661
43588316
16276574
45491791
36480994
79518490
14670172
19766203
69117403
81133153
96624467
68833773
44405102
50807428
66395353
18673067
69331614
57732542
81108994
73232297
7650223
75814979
8947222
61073225
54545508
89252631
98921363
63177632
34345204
61853275
24320968
1317227
44486788
15568522
54328180
67538322
48714630
70222184
99121771
86674314
27301842
39198201
61546551
57311539
478644
1885672
44012450
94835409
85116484
8869659
57381445
32982650
43633756
65100503
68126945
91614336
51719703
88793337
58683350
20595333
26131223
67371596
44058980
35318595
77624945
51862858
13448824
11615237
65439856
61481965
14158003
98109302
7641707
42606883
50323493
18432509
79269328
38813363
64567958
42575537
72971034
85650373
25893976
40333245
42042286
80004339
96877199
42052133
76871347
66843963
52970305
21963206
20372870
14789187
98533695
53171114
52579596
37649313
67685293
85609227
19563805
79127475
11948176
52614056
69919038
9433203
33335995
57097025
73443873
65420075
47077754
26309503
93235106
18402861
90637669
43575330
22786014
52602526
97135242
97230935
77130881
34932405
38045853
32956452
80347989
50380672
65417872
33985688
91942047
32588478
34469944
33924033
473421
35905887
5010857
87366556
35384962
79542248
26946763
4026877
18952018
55817542
6074224
65485492
23846451
71582522
94420851
35081111
49578162
40819152
85948538
68112058
88459418
70717100
23960724
66939204
97127238
57004895
92781925
84733179
98254200
27196955
71519006
27155591
93158162
53338450
27338629
66214092
51518
95347376
63134814
27216366
80351006
86224643
35661698
59555479
69204659
3668482
72855838
5491111
29855650
93409553
87768756
48478484
7726830
40121688
49322680
14584501
41693077
55686206
84847510
562390
11007858
99252300
22144194
84978094
82672743
75813455
87487530
8750415
73680632
64565925
72830165
45530346
89570181
65601864
58272379
60468796
35337931
50639935
329197
19394780
83403786
89441555
58908421
4243847
81791356
2705448
76962360
72831026
65293543
52730353
64660294
95494106
91463469
73193523
84910624
93341803
51532099
90313582
95245629
61880912
83418564
99445171
30070993
62784563
42354201
42585395
40229807
51476141
18717371
14552575
50363315
4576101
27823133
17410221
33639362
53940349
4587114
62427702
71774236
20588375
76678870
53806459
35659627
80526386
49385597
78787686
41275847
47450604
77247788
93976456
1668019
50353683
18299094
1777448
28808305
21707620
68221259
14862814
57635868
29411705
32741562
97806551
81461666
52612399
77207531
42790919
81249255
31202449
53545814
20236647
79170362
68902486
12677836
45364951
66106374
36084603
16087886
60308936
83123245
80392845
49996509
56161056
21779454
16231959
19539366
38438028
98826490
43407685
87509043
44849440
1617149
90373491
28352641
59791980
95976150
47002780
15212314
28769339
46472026
68107279
66445898
78272751
79385289
81039454
21967604
28498346
94500118
47196897
75905653
22651923
37634800
89725045
45471589
13509065
44234863
57297540
433866
46972434
95988104
96253173
48881501
97790317
9259346
32056975
35614303
42131958
12320075
60631306
95593125
79071874
51132293
57037327
38377730
49703098
26194970
17608929
788786
33327502
28545339
80406753
14961028
75680673
9236203
70246483
4877914
50850012
77743546
92423028
39246134
21878438
7596596
95741357
59217600
25706572
24683048
84677572
11493069
94604676
9542708
43018377
47178484
86679971
51511572
39356425
70250268
99358123
745159
57599867
95671340
36837151
80058446
58847167
51739562
78042838
51899423
63237858
66184411
80914865
85353838
86645469
11505830
47422324
80365248
43150219
57125122
60156942
42224501
625493
88262937
55249224
97033397
58874761
79864134
94254259
53617603
44976395
65472947
38850672
78777171
90188645
53920133
80765084
83714839
83467157
71430515
53693678
92174005
81411475
26776913
79459462
75568737
13072545
81852181
67425075
61265690
45348244
48353907
89500958
10965141
47329934
88788181
20127975
64995541
33622054
88177317
30081639
90538535
42411277
25060086
43218883
95781070
22334846
19538066
52586654
576890
77175128
65211539
51435146
2876950
587626
4307131
70886203
53918033
80838437
65468685
84630243
746556
32692838
66834366
1297896
78719582
99496309
30107659
39516636
44681284
20877675
54876653
97903116
40129454
45302872
57845588
12805935
4280483
21901023
49941566
79801494
4803311
6678853
36352139
78828530
92396133
82069685
91718480
18619715
91268301
69835884
99939848
88393045
11682186
743970
4074003
2904033
25581985
37973
40127527
64834966
74237812
99554332
26689608
29532742
15918670
37594919
31575221
35986974
30413653
4002618
23012706
86248919
21343883
31728381
9866714
69750119
53492213
38232483
77543085
73938147
50380399
1456461
33234762
99695541
27468766
21803807
87651070
87364715
90670914
93960686
13787108
91214913
18747925
1483094
56606323
84452192
86586381
29431569
60726871
75565616
92030077
48218640
12103883
21837766
60358441
51899284
40902217
34992456
57888502
33145881
87643788
73633935
61552314
38691192
5408142
41807301
44883066
3223304
44724920
94240656
73605255
6044208
5121409
56248789
49764133
15716571
86877565
6315805
93042568
64008923
91790983
6284829
78122394
98970252
93867522
80836419
19720180
59873420
45813254
86945478
37028588
24624600
74082374
89246027
1138154
34675752
53146223
40296062
30605331
34175640
67116314
78803484
46746074
90776227
98361715
95337209
48426976
51603748
40482494
49104758
45873200
91368495
89376431
41492522
18246107
32791024
89666565
86889509
60916371
37791333
1849456
68860701
16381552
45732757
15214192
53425192
99306102
97115046
82398573
35169010
1136130
9196399
21444764
39169414
67727625
90910257
38977196
67858214
31607011
65626392
86722805
61108709
85128873
4626806
70941746
52528815
83964896
86936670
7758878
59487949
61051895
81130314
88910673
43362169
24434849
25992365
33999062
52963222
47358292
53216735
37628861
30896613
52851592
10481925
97851677
34609736
63958956
46060242
595348
7678691
25292612
53450948
51777755
52216463
42463167
27855498
31293507
81312786
51609219
76861765
86516563
39915217
21670633
82874061
46556940
14438162
72331429
91547457
79247906
9450413
85896343
33812881
2887704
74492975
23047346
10298582
4072027
65526311
17873448
77251396
43962578
46647767
19919299
20573129
81136274
15797881
36971575
71168870
64670092
53475594
78082039
90881063
66743814
30502070
15896699
65985605
87867037
44272707
36553526
99264083
50040678
28757114
31258220
58729040
23403728
94212779
97665705
36572862
8177158
78380562
8242615
82715611
58952042
45742936
7051641
52091983
11888110
68810440
5649511
76135902
14698935
37352721
59045794
71099298
18096281
89425641
61782046
8851975
15433805
90892722
72874464
76789196
76334194
31719051
37101631
5944449
24348611
96888934
37315952
4476160
19815150
92444948
4425610
85456402
71409818
71374066
1806549
7819898
42315998
59890365
35231056
26198627
92591676
5582656
50698404
86620423
38347474
99871501
37433964
31071770
30519537
92572142
95428027
27442014
29060468
5125394
70321087
87736407
98555874
47631257
69917961
4918507
10989086
39802503
48758554
50958797
2748557
9737068
22384462
72216
61330391
42504775
95933353
76687213
74600307
49745737
49816717
41725990
75457086
93019189
90708824
20959890
60130340
73863765
96650641
96484941
19808242
75842607
77296307
35222923
93625620
15710236
68361256
18316739
24367958
27197219
33201951
46402459
19880605
24118135
2013372
62648485
75934187
49649010
81178545
88724398
58027712
75259171
24500239
89167624
59043769
55178836
48463674
17315335
40477132
22637410
78889779
44767692
20659252
88376464
96488633
7292715
14925382
88013467
53626728
58824009
30152171
69571576
9754947
14126072
46079510
84293514
17089192
62988159
68328774
19447383
69657020
3173010
33367479
85843331
70321603
69184360
58136651
50167797
48701550
70813402
48251970
99513719
25483380
46927508
69596886
11936286
58297846
43421707
52855100
76141252
20034529
2477237
63036764
50562025
4085791
35119449
80185659
63528942
41117972
96668237
58227253
9966220
16333474
7135371
13651427
85609817
48456868
41168267
95543782
282354
70255104
59999291
95724434
97599116
79011632
22460254
66463903
81501017
2007104
15654147
60418257
82210101
79238496
59728621
72558303
53599469
23852851
29678158
9446161
71503262
91894781
34804930
39460313
91919406
50140666
7601497
37522520
20642916
49519767
27568504
42351813
69189002
39722293
54027949
74581236
47640297
98343299
49664635
3263172
21606104
38923511
79213335
31012477
51066707
95045654
11182997
31383289
31988431
19026237
74082052
99185046
9342762
23101269
27788271
93281708
83786747
94687804
16146129
6445762
58630178
4995424
32051152
53594452
98596977
7108717
87984484
17265433
74471552
31764433
84991111
92833032
18817844
87880734
91808182
63896045
68464366
80670940
81079896
80926529
89978300
34595608
89609866
8662665
46325801
47131953
97498547
33314825
95975722
11647895
20806881
98058443
50988368
12779932
26999587
9237951
87774842
80781959
95120319
72776442
68942376
77337465
43794498
92198045
95348295
41891663
69951605
17059843
21879983
13091341
20267002
12158573
71636672
78981549
21680216
67832983
30222818
83022066
70603913
55124218
50685333
10934810
13621075
18832181
90245967
42747082
41388385
19255317
74732197
3543514
2543419
91472952
19551426
62396601
77076675
27332114
7435207
60248365
61502276
53936937
42236468
55657212
31783485
62170614
48324735
6568790
53407410
37787582
85595038
6427919
42170382
80525232
74281832
90984494
41594722
34025303
82721009
7000100
34868056
49509567
96526744
22941929
34418083
76618099
35051060
83989235
66215203
58134597
50642992
59044826
44760032
9261568
82858160
64905249
58854742
35776533
60713256
70877722
85653414
34715138
13912780
20024821
34419620
2099655
45272688
29683016
59715642
96649634
62200734
18504364
39177175
87269973
70401575
31499213
42062640
32025382
36609678
10866283
60054252
66304992
4148677
72650927
52040351
97633099
90794279
46637512
17830450
56820262
75812040
6847670
54557738
95767460
27491702
32396277
46847487
24126867
11042880
58238197
44262490
13527394
89612674
73760927
44547694
50832132
39855005
81446806
27206927
46051523
29011806
16015353
19216619
82438271
18703341
95112493
19860127
30919682
56571339
64116937
15821341
39481380
64861399
53557939
50316780
37317731
24697071
28918840
22340672
57445167
72190890
89162515
76639015
55217976
39018455
31003160
82418537
39576827
41350511
92773606
90501028
9776531
78170628
94527837
40711784
3541286
18195775
59668577
19172174
5346664
42937784
10623952
31682633
8045617
43562162
31858824
6512224
10002635
22931497
86079182
69987430
93372606
74641856
29472066
29657389
24905011
20423567
54588546
84468158
83851421
16999597
38253326
77453100
17097755
77490940
41758619
85312429
86846042
53111191
76375226
69571944
45607137
16077674
98307206
868401
58492875
66813471
58934257
97546707
40790292
18166379
11000663
50498985
5796658
60353795
10556155
4611847
98198463
86134227
78157707
97926484
67540899
2547310
64271972
66774224
2233833
13045174
50697221
92010793
78319837
39734860
94174218
74621137
64193827
97788937
67935877
22117130
23593730
32956732
5362556
74053477
2736001
49690219
64357335
1834261
81005704
71447517
88362296
8663629
22673145
45369092
70825823
1443008
89310159
18283801
37433271
3402239
61748354
32103693
53116508
35900804
28024141
29096204
58211831
19649072
88978650
97620432
8939151
68102566
9399270
23835198
64067558
12088861
63113638
76280545
23867496
44161172
57785165
70933734
91856804
14124394
88597932
13388704
69134824
66315272
68032326
85336427
4510749
18003894
26416460
61744216
29225298
4526891
3148895
47292558
52137808
76797239
32408772
54114291
11580042
16282923
31983983
82281858
7415457
55418245
33155435
85208045
19469062
64733139
2087135
907407
92614934
8047929
96267342
18017827
36983317
24886585
90764965
41157380
3743723
1791074
57769348
39516978
13529870
84556433
94253455
40317827
32387051
13532280
8369259
74366354
68844700
5963586
53929825
57913998
44974658
48785916
49011981
87644610
65415143
17295166
79145483
5097355
6612880
26953542
28755855
53843326
92656137
70563297
60616455
74775466
14531661
71096632
49053589
80942678
96971110
96681549
99052706
58151268
32952166
10025897
75491729
87148508
32136902
30103966
37966725
12108909
48828492
20576384
84955965
43904796
16538352
72276614
26481442
1869461
78746325
10300209
3319961
53144226
27309206
6887628
89185485
49471605
40699553
66825631
57062328
91123811
39187901
88859073
741517
5538362
66936469
74188859
1784781
29707366
95785241
58264532
29625297
86161488
74494145
80856212
84142241
29196852
19843030
49316768
81068300
64686720
44687699
35703121
79023347
44416504
99848084
87029558
27750603
88649318
41555004
43746882
28330057
28756840
85843292
35940547
62874091
78116709
44807066
98917789
16373484
19670351
94690194
59655181
31303052
3167133
41536896
88273762
97229301
15956037
13376961
19370687
36990900
13178147
59894395
19863314
3789939
97642410
72802391
38021295
30315978
15832962
59723284
28912365
47948930
97983318
52571421
47336145
94308464
10395080
2938621
91697137
24769851
74502957
26823231
28866890
47354826
94159548
19943052
60872088
91171669
56662643
18084979
63669144
13142296
98188659
84247961
39375258
89207674
41400643
5197154
75457906
29722587
61696889
33197408
38544615
14491122
14623259
16612753
29634890
80999188
51827001
12313823
53733747
17780807
85585748
60114898
436845
84544114
23027556
80114889
19295612
86581081
71232046
31592879
91794612
93928912
49362848
31133263
61453333
49929819
52887917
13995422
91381365
9438510
88304806
50157837
36725303
14178599
30627035
11127576
43442524
28401453
59358768
93836758
49674304
24904746
4366422
97591290
80928657
51426186
21489477
10723228
62377885
67097694
78872985
87134235
47719024
82669061
1858149
27524192
72629806
61677618
59400563
31707357
57627657
88372602
7255194
44568734
23771003
45671986
29718392
24419266
5374395
90139602
43020926
66587697
93066468
36779167
17421740
92948711
68562349
62350501
93533739
48950019
1462075
86687682
3874324
69902800
31026337
2875615
68227173
3935677
11502339
64054281
62520628
11556978
9950677
54545068
10859401
27314062
67720174
18688017
86004301
96790957
73292626
89896181
25667300
20143927
10909621
19128611
48153342
7793819
23670895
99328157
93839274
2953134
84603705
74753794
33549290
95430864
3262161
64525672
41123377
65632543
56315230
50383320
73127332
70441209
28845657
8988738
73015371
84687185
5082223
26729060
72210393
1856474
68052904
77701025
51398777
1554026
57514394
91100660
58588921
99190477
34718054
2713027
29686226
18233326
98575140
17638486
71094380
74112901
60488120
27451863
50725284
20582290
83416939
27457503
32098659
60326532
90307051
28033356
76593507
16185412
5230574
27618040
56971022
31689460
40173518
37695002
7894397
99464269
43217977
73403043
26103152
87677450
49047999
45063363
83931042
31580038
3261295
40494797
85807886
57868261
54473372
16583649
51134570
88636845
41412338
34867397
80117197
19748167
53782648
22150401
23995207
62954111
10255103
7840050
82645733
84462575
31727470
5308344
88429254
93383782
4371690
82511717
91726240
33272556
76392165
17722991
11334048
53499922
7381691
50245456
82054656
8559318
24313792
31144867
73271814
34096441
73642298
69310214
73554841
51245413
82688918
46324078
87894423
64438588
74257392
69652130
43637449
17307749
81733515
60037283
94098351
43684767
61887740
26254943
58045660
87725635
86617569
92061783
40459905
80436355
88723352
71011276
38253781
2686432
75249899
28111668
95541973
74772740
36872758
69230045
57295762
4893609
41760225
16749015
13632422
55955481
62662818
78220836
24853137
29557982
8338798
98932627
58139408
71135119
26435434
36534973
52891482
17342810
8034978
17322931
89740882
52555179
44181671
5229539
77500229
10382347
42924161
43581244
43559085
85296389
86128814
66939378
38614378
89956957
63144463
61811486
75254589
30784836
95509135
38796185
75336274
5994074
59977417
42775889
24149961
89832509
43304285
98534666
24724272
50060376
57880499
42239712
36399460
10052219
45719443
8969949
49173306
21247822
47880905
88078959
97916764
40446609
28347174
47182716
68232530
27804715
56599077
96741579
62996226
31230835
80548263
76478485
48490391
38128042
11910881
46274763
78014257
90291576
21941676
83700711
52420819
59114429
14004815
94729025
59575992
52038582
91395328
75510031
89402256
61779840
62018119
41852774
40931445
5047632
38179956
49339941
17048509
54779180
9195168
96918647
8827755
33644222
32823770
14824005
24882011
36953813
94178294
84030211
81381063
76372356
6602346
70573148
7412657
98745710
14350726
28875666
99159143
92226245
86470576
83645728
11249019
84622794
99643932
70138354
52916886
41209927
35505261
71160644
22979992
40277497
9576102
37615526
58129553
49031027
42038199
89477890
42977348
79408300
41853006
19988381
59534054
57856793
16788787
48616211
45929706
99558611
92293908
34724269
39352667
24087200
26560023
47254291
80608509
71503499
44820926
18730269
81944827
48913276
50958800
91794444
44404894
69661334
61240825
54829377
89956657
48263645
88510605
98159938
57310432
10154439
24469281
25057814
54068756
97658260
76356059
14849367
88388756
59640854
19788984
11637328
70982521
88771476
30279642
72789359
44476395
53667566
539969
76651606
65969004
71194795
52906558
31173490
49162862
65445684
77883231
36164002
37529668
47119484
31139739
93932428
63213500
77863275
24733800
32875603
12024562
88546036
75860781
94345452
74448159
35038747
54246802
84636212
12899648
83525194
89969311
10376266
55849229
59461929
85917784
15666519
60883009
88953802
21457324
51316790
23531843
98855210
50941024
90617162
21190322
12609315
6516603
87226233
37386764
60086737
6762713
37321662
44631937
65625364
88984932
81000555
31416890
34361597
2787718
2450673
36031482
73890759
1247342
24702471
65779486
73231190
40083344
99378116
23347090
53518900
40908611
33691064
21525799
74834789
10621176
29173011
36539087
28148452
50458292
12137517
97041724
34523026
43166917
2471675
73938253
59627351
19957337
13629767
31908573
26329048
82863557
70266014
57583357
98868935
79655896
67791819
79862508
15418802
14026097
68785662
91051216
99812653
74292265
73788051
26578489
17595205
77603045
56872664
96158717
69169003
214504
61080896
90103481
4003895
55935427
50286538
40719675
28091793
65683099
35669269
92699228
20621797
4439529
40755158
81117108
29985913
77417893
28061160
41878071
3967485
97833518
16639721
19215694
74409563
22885931
56723678
9487517
95610334
62536640
16807415
4031971
7177747
3435163
84443683
40083886
5520567
6845260
9724696
73221396
17555222
88360837
70805875
1734354
48756406
16269282
56688969
49028200
46956613
21240434
4380485
23235074
88031392
63710698
8775448
31324373
51750435
26473650
82100997
69112024
45640230
53379346
57165226
9324941
87247254
14147615
80819308
37302443
41445665
57677708
75153836
50710214
96768426
45516813
3774304
99581854
43427109
84036317
54211375
32272105
79767589
90224112
53646900
79385235
83637821
40030235
77098504
71330679
44893744
89997298
56444351
65736765
43351633
93120526
83770457
92798736
69077929
73765104
99099980
13200715
5284786
22589918
78099672
78725793
69127638
90578665
26691335
78807286
62904456
64951648
3356002
9260071
96910248
93893975
77130594
94349777
64746727
35643101
4721593
92850797
58638691
17357757
94113478
11915427
68613783
92714148
75670460
86883047
79658464
63405266
81683815
5348260
30640097
55252200
95451718
77468059
38827357
14077145
74799552
46394791
76195306
54592376
32972077
75916903
20110926
94592787
91303315
98720799
3785738
49050061
14060168
7237115
71952556
37731166
27968180
17329774
96251827
47531861
52037099
26549153
7753294
90353701
29616590
59606210
78479331
58276100
62970946
72006371
89650814
7017106
95965796
4043515
31831517
23982407
73052001
30113685
44900894
53392584
43946756
84911408
89169876
26195977
79553753
28536930
99925602
38459777
25318911
50227202
66072334
74679685
54973915
92826489
81867762
32662659
54139457
77076699
5922430
8494916
47288698
2051092
57008459
25185811
42764089
99636625
20018740
12539116
17211932
66288525
37590116
77973934
24874387
67573787
68060656
36674705
15407172
30315381
69045795
47662084
75804067
36232951
72079789
10306270
30701969
87347179
70440675
6936165
21271757
76713612
89831892
90879018
68297130
12832119
27371025
87834163
4474106
57816275
7789641
87927787
3294125
45851735
26885919
35859160
48257980
20517989
37671442
54540393
61051208
79419620
79022261
27690067
11554463
42783732
22447086
60872427
58915330
86279685
9275376
35317934
53208392
75713722
72332720
91626156
40828434
85556213
70879110
76665107
61824040
92064205
91351002
83934592
9371886
22527556
22445378
70913353
70472977
34678332
66686766
75610527
25271514
87709619
83078905
27729302
99831913
9721330
87689156
34629159
7206931
37714986
55191194
85759249
94695892
70672775
31609262
77736301
40017063
5540030
66004214
12202260
29650847
17355558
16052913
31288590
78321534
64954528
21929595
44006190
90394457
4611604
3933854
22948476
46989476
63646475
14730280
52487842
8922459
62840387
88753284
63905265
74429903
58158099
40097983
29110938
31802852
91185358
93417916
85491210
335890
50606940
97376134
2175312
96142145
25745447
66714008
43369926
23965339
33424206
42486779
37784688
11739664
6600128
3167596
60460085
65064450
6530649
78744144
99662661
84611924
65266852
41918928
69824993
38552493
9626615
15018540
79386023
11125402
35399951
70974520
24053870
81580441
54222783
71918872
24251881
67559238
32891511
8184176
115575
13261042
64427757
8398193
88056025
27317051
19222289
93618165
41959200
47794954
19879033
23065794
87281420
91060480
9449235
25133090
66980651
23535742
18938815
97756272
41126805
37306316
2068032
86700071
9972692
74055404
97812555
80739440
3985665
86322561
23465524
11990597
23840198
37906344
79952871
96408993
54854521
93618670
79166571
91000576
42352391
64934886
45757336
66373247
46423675
29132161
90701629
59969956
87873678
79349892
50576101
95227732
49079840
74999601
4624405
66127307
71310618
9851608
33624390
28232391
23762423
72619232
75946601
71362940
79744814
66665730
55118637
16480724
35123577
22360228
13817839
93784931
84401892
12561626
91594693
86318009
29465390
32704806
5905779
28307883
93122540
48119065
56632458
89967654
87690951
7629180
46705141
36260489
5493213
69350244
28070767
74791413
10563905
79533314
7046205
33015356
68894547
25275694
23092631
43772505
44324155
63671297
60743017
64411186
34104935
83344294
29378712
49991365
43373432
90679961
40669130
51506889
76255563
28323434
52549844
27163811
16190323
18767914
8425939
13045641
26046247
30348787
71699744
43800655
12354366
96846457
35848394
44031019
11164777
45491694
3160953
42817558
49961226
23336113
56785522
45337642
76903514
62371909
23113646
85848784
6944091
88025939
88567186
83101350
84425752
23534206
40182115
55594248
65317865
4368404
43976585
60217808
7916844
78186073
32546139
99707615
63581630
31786335
69945898
69996974
16533457
95878083
8001573
85110840
14429543
14547140
13472388
77906595
64304629
78093694
76689084
76832810
56316259
46694436
87554953
49837237
17487538
33105230
18063342
15742546
26576171
45840596
42190640
40248144
78269907
46892346
26599704
44749310
5469826
34865105
32934102
34963649
92234081
1332414
71004714
55485619
97355628
93185439
87535296
31072710
92626713
71482332
33590544
24007779
67185426
25946407
77385566
77682436
15640434
47001425
11888615
81920721
61776433
15675175
55573980
63896664
88668357
82471506
46277676
94575842
56282375
84396009
34798731
1771627
76271763
9732965
2622486
96893761
89745973
76173123
52495240
90828651
13135809
91425594
45680151
8715066
65455736
34979123
55278779
8277036
18827934
19873244
13571102
11170897
3101659
10410663
24080126
60278567
82541643
18329075
49681888
99864609
24295047
62907171
28672659
20414074
3331764
713188
13237383
1474184
96071747
74280694
65947549
31408626
9058102
4766114
12606578
34604134
41104074
69065541
22944258
12776789
80746431
55427979
77239442
88923428
87249160
87426733
89953155
89697651
20298986
20227629
75354991
29520139
70356897
53009630
47459604
68790789
3931608
85084085
43122974
68696422
65410567
80019828
60879007
12496548
49581096
36819133
72724036
73419977
36940586
2589767
97018900
1600667
9334512
76636999
43841145
21556014
36579824
30961080
34420579
38097162
25547253
19977208
34167350
94305842
33036789
27432079
47997763
86744158
37686123
81021983
46541141
9770503
10512156
35700895
44900106
40555223
71614441
86323301
33356277
33534988
70533896
76362695
45293314
83702864
48297929
9073421
50350213
10863012
99581575
78191278
72858845
2252566
79050147
39966351
68052502
22213242
93874740
23839781
8353561
10696617
82267452
8365057
15686427
18174511
53460704
99367040
34141889
27401231
66293038
62604542
90260390
32863617
78923910
44997467
69827694
39652394
24572478
80694628
71155752
94203946
97715584
81621607
99849165
2668801
34487734
88321081
27358456
12300747
50358314
67512179
28008008
21343348
40439447
84742006
60497077
83476383
9163427
43325851
39642910
46684378
44915902
14585143
76540838
85536666
52924281
63568626
17645286
86372704
57459262
41915382
40143794
68215870
74789520
32203370
82766688
35418649
78792016
70422615
1367806
28091663
47298281
18879595
4894947
54225115
45928517
34350172
87064605
32397160
19688849
15656997
84505683
3082902
94181924
53470093
28059398
60834408
67963325
77301120
72258582
75356456
36173587
98856682
82755267
20785381
27628671
45189830
53041871
93796709
45567077
58895976
42091371
75225177
83799610
28985302
70136952
16381190
87004291
20510850
11413438
24231807
15470419
69563317
29073553
11330392
5195930
52978748
3582691
2224339
47887264
70502021
83743537
76700010
72289598
85510493
27191359
75482715
81504260
73403940
21898788
23992757
64623366
33316323
49431774
77706451
36433372
72407008
23031148
76912805
80580251
11311804
60943280
7089979
65038145
62493314
56962929
33113993
72805032
5511959
10628273
61161924
38503855
71604041
10598715
62718312
87777076
69868421
99888019
91085455
10406784
50974565
82455383
51873549
9212920
7813589
82273275
10730198
42978570
11490651
92219123
96724516
2216449
65168953
21938365
97918148
17836946
48931608
37503224
35330484
65442116
49137258
76020933
21193681
55144092
55581723
17125056
17540414
48919029
60189703
25857786
85221238
91989920
74233678
39984954
81662929
51896342
84293406
20742097
83425645
96146326
79896490
38872477
73100373
8509570
46229978
29523155
57622502
49960975
4323612
96064632
55391118
33467495
66145606
15435845
71607969
37638832
13686169
40120183
4870864
44915039
30499942
98947408
30873810
55031075
11572876
11474122
62325859
53184527
88904181
19523782
24756025
53822389
38036929
90935790
41384277
5293224
49803072
63202085
26695361
91835120
71144677
35795081
96057838
13382165
11185063
4757075
23478839
61016559
76266442
86836223
87375234
25220554
66778470
5077695
39815363
89140311
32231552
51930759
3042650
73868419
52348062
58828467
75791687
54784538
92096783
79771554
28360142
59751990
88010642
26848863
51539793
92120475
21186042
75984312
63157462
18926187
774471
82811720
21763475
36247702
66738723
7589771
24688696
99387339
80926015
21034073
74865142
63228135
11928278
67592292
80699822
66138364
2205756
41686310
56131930
78545890
69031692
56734592
92225675
49280116
8513297
57317294
34978384
53435640
20437803
1518701
74127808
7697421
86334495
8318970
88454531
20834735
28648391
1857184
18364450
2173606
17821984
66525625
39628930
59589611
14158431
2595195
60248864
93062283
95011280
71731102
37177131
10759327
53620808
39071214
31047986
18557846
92609558
71209195
80061768
38537536
44160927
23498021
95208456
90266172
63594000
64716442
62876050
44395628
44537659
93685105
7232756
29281990
94694674
21488247
64661859
31299000
14259017
41799548
34582389
30213977
39858343
74634194
21491405
22116560
64439156
71516893
73560684
75317733
70779807
45568306
89397909
77885093
48146000
54024742
94749251
79562349
22778062
74358104
70373530
33584838
73483783
87207342
51987796
60584445
29825235
38653957
52423851
40706379
30530749
4591087
74216131
30039633
65616308
66635074
67945470
35426226
4084703
90719472
10524952
72059270
1511365
10239950
65870515
40269170
76137858
3047743
36752994
6120551
7559090
34187759
47812885
58941401
83657075
44700150
69652001
23889974
88291337
7338932
48866897
9681375
542774
67511962
32525700
16627128
85160603
51250548
94792013
68074848
71923377
72409884
58546927
95846115
7448405
37366148
78505067
11508011
47180965
46380190
55287402
86193105
94327092
73724063
79023868
87321070
57673870
89857951
76178200
55222149
30735419
43445242
97376750
20573469
89583925
55930994
93193360
90420965
96036951
48510595
53150894
52883421
90715208
89994869
89101357
56445473
49840170
66639896
44646217
22589403
79635056
19691023
58259101
27568449
97225542
89797532
13415213
64422605
69667541
25377624
40447547
8099127
95218697
36638015
82124200
55405978
25542019
78610017
60530987
78494152
36764681
20153139
62060140
90631651
25075813
503200
52893664
69076041
80250106
16718018
39368055
44576452
90460059
70422906
67630013
17979430
90092974
81558008
70535813
77496955
71517700
16195197
42520305
8072196
5355066
26915501
68970811
32615674
76725333
74380756
10491533
94826516
32742765
98189536
86905982
32824760
71224901
2549649
60017738
15408447
13219042
5739312
12259191
35335097
63824618
38484818
94997716
39377117
96470036
30539407
34448741
38295174
35393935
5509712
21832338
24537481
93088505
74518149
81285293
23312972
74752361
41056543
13218810
95304503
71837224
87492463
57659164
64410036
49000895
18258481
50724407
97925810
10823426
72002081
77557901
94445723
52566695
6856632
59057520
608421
99586598
9804657
28603129
79353743
10305579
56545619
12218654
44612745
43598545
39595422
3298634
74191354
6505636
48644560
5678455
52204109
558509
97116669
67711643
683342
91238095
67379718
57944381
13165243
46171850
39818434
27348080
44840056
66684261
94217303
46226213
82613765
83698584
10417963
43871446
39033797
66542486
90154962
6419975
81020689
36548472
62619667
91136435
14519810
50100926
6001450
29538723
33146977
32725659
98334899
9340885
98688862
31702785
41900712
31812601
4758564
64553646
69378479
93156911
12265498
13179498
81727864
56971172
6651741
7423529
79155652
88628121
50757325
38793464
97797739
50682678
95147623
34795376
72849136
58560620
47359291
22241708
79981274
35147157
33164526
13968324
41039020
926682
87497529
77331043
60697625
52075268
20790849
12695786
57789868
87764334
66058016
24041295
93564465
53615283
3608693
14967499
97488116
79576984
7445931
73776714
90584434
59863826
1542686
99743695
67802162
29957311
10209350
76304317
22963289
60095896
83887889
60912654
97351505
42180295
52459490
18927601
84172132
60749771
77341839
90440250
73460392
26666271
85506357
2299350
41891566
22324139
65206563
44867162
88618432
36515947
14512611
61230927
7545237
53648348
19796760
48124935
32807072
48374046
16193559
46074370
3808685
85475538
65580862
65356337
54719912
78109152
84338566
96298603
41129286
48562257
59096145
63920104
89231771
75685490
32238800
57368571
74225526
65654080
69173300
26926973
45775329
69274145
85770826
27861190
14312639
47054064
47003409
13634481
86334492
2443795
75245961
17324542
97642187
19899140
9952615
35642498
24314033
51122592
32610510
19445307
25464709
32971374
29597657
97587094
2915295
49697507
27433995
27482162
73146753
68022217
38065083
97085006
51007027
75487238
24853537
41388800
67494862
51891228
21803803
61748284
8784419
1480966
34897614
13616819
45571077
59976471
73591977
99673136
82859249
80251906
10538803
69330547
54957333
15041183
37328384
72005777
72180181
84110174
87168971
48108693
25710363
46365981
51890955
36611772
63224854
95564426
1768157
73016966
5751216
49847994
28215836
54234742
38724114
50863624
55891287
84160240
34850974
49209345
31340240
98433062
87228084
50448084
33226307
46121393
90648944
88519577
90008374
23923052
77299084
77169223
55577866
10009600
47518602
57013433
27802744
22308988
49189077
93916737
83142146
52718589
93044701
38995970
99579175
45603278
48480920
16091823
51168895
51206533
53151244
69636061
47787175
75581097
30570539
69629710
32767035
12381535
18859718
74642182
6137021
54445702
73585251
29013806
57614347
9972478
92277937
38067079
60011975
96695423
1336795
29281981
4455156
94023227
26382939
41788405
51485486
65410404
49152750
67980911
82891269
18764793
57643143
80668693
72550854
59706075
57660563
79108133
51007358
3030554
68202671
32046423
92809899
1623022
85035955
93541914
75134896
55831761
59248190
19145723
69084509
81495750
33343347
81924412
30558122
3196211
43875542
12264281
15452170
16539894
57298770
80585574
81121017
71103184
24510530
55271743
77288604
85808612
49989593
23659786
10471739
24531172
39048909
50215556
20462062
58092569
87661705
43571514
57538069
58836476
79898350
21732554
83839856
46193841
90307935
8413488
82389017
98205963
83500112
22352209
74646352
51989832
83681097
13981378
9016255
42059325
32357004
8816978
69930810
17106947
81555935
69874544
4970406
25278454
79265521
20881603
9583574
10538246
68674502
71870264
53426739
68967732
94514678
48253285
42295486
2141584
4918282
34657966
97587217
86898070
60343736
69824283
33398903
21798234
3353507
15782081
3033931
16792980
28844753
36108927
42442019
54508068
69996665
2430103
78059040
55786016
20043420
37286085
20969785
70201829
59022751
56082014
23052682
71230964
90400071
69305688
35148642
21487667
60121891
55761932
94810218
37606680
36587902
94953255
62591553
23038627
43291221
24392499
15849838
86925434
98068139
69970792
56066242
83963469
7803556
71615599
63420129
606539
33048316
83342332
75969004
16516389
12414606
22586948
42250088
76729042
73931985
30214266
76767529
86693720
71060561
92823514
36243846
82436198
1664964
58722472
32149248
66701911
15637573
51830730
452630
22480012
12512424
87056717
89654402
2805092
32454559
68578982
14981257
88464791
81526180
57798353
98866897
16866134
7490938
62550490
13307651
2504992
3838720
25793018
16994203
77181444
43857580
90728612
64602380
28533165
39240594
71940106
71675702
61142915
96671065
85645797
69383632
79503152
62087189
65784917
29595665
66249564
91513828
88811335
22074282
43899910
71072628
25980298
93264731
18507872
11490536
15609366
29223651
96202060
78581358
82629801
56173941
8401052
86111606
8382993
68459199
76465035
60357259
95515529
82418385
82244887
70508120
97151790
78066733
52331648
74167996
65059707
29417415
44250734
46377758
1474062
28990114
35652286
7799403
91480304
64722769
82547797
31939928
70063133
7518640
18722610
39266005
42212663
37438965
88808108
82238627
97980513
33968089
90887892
82338861
34001273
75834734
62816188
49715307
479815
35430255
56236719
37615521
88546622
48763455
72098367
23058165
45751444
71806142
94685370
85313714
87212679
32115341
1433185
85682527
38724407
6082914
71273712
70363731
78795464
80909002
30178882
4184773
82375064
59781075
51673870
81733423
96154613
88096833
45971943
39867370
22561714
85600120
9963138
89610438
41127433
79780983
50113259
81493206
83368526
97190747
98941519
76133166
19943308
7855326
58731285
25057689
85894536
9545406
24297936
69705377
55960070
88648151
28086175
10111387
56664548
92905115
66268720
44233586
95243436
36554773
75275545
39629255
5193199
81207749
64295109
52388801
24484714
43577424
69438262
13016739
39668039
43921989
9101931
52677713
39837277
48730704
85961682
30672380
34861475
48518009
65690637
87701945
40026311
8884889
94108126
15140884
99690135
78448173
44914025
16507095
42679327
23287946
88339597
49768069
48118244
51730837
96898307
5983184
78516162
25196912
46552496
52144929
11055812
75773623
20011510
41210935
9826758
42164431
91687783
13909220
1736570
58499151
5180081
42454127
36833441
91347058
12889704
92878038
77068827
17304718
97765883
33625617
2038601
99548480
5731195
87140496
65201461
4214596
70735333
65575339
17023905
1239055
52983468
87060436
35767216
53946091
81268487
31133471
9662245
87631120
89086169
41241728
19537758
32408056
93728326
94299013
12276734
3601389
95433431
21604452
22787944
26470646
51677453
45394344
13444574
99783919
75762365
2987686
29197270
85590361
45027107
97951183
19073020
85459230
37710028
14316876
21170039
24791385
55903575
97295322
31138088
41457736
19795292
7503919
83697819
73441013
59035946
3830962
85767069
30156722
56681833
76688193
50527002
61489078
30473317
98761982
89942719
51069457
3045970
47013050
14349927
65154970
58194537
6645202
12444937
50670639
21067341
65641870
28944167
56808602
10623239
12038506
80058469
18977163
28797770
22772042
8006460
10260562
67816765
61023842
8533061
65535160
37749823
96142924
18698331
21002971
43110084
27099462
4939492
82376682
634377
54879384
20322829
38050032
86703516
93985531
37211347
90333713
37603295
112912
61483392
98744120
20029883
21206224
34155747
79989276
7143406
10872494
68101421
84422622
16630145
37247972
25546727
72495089
9287943
79471852
88833233
64515524
22683842
44573321
20120689
63812943
61614680
40014510
97945745
81542823
16555424
83156243
59429546
62113198
57480348
48939500
64766578
84626943
3705925
79967960
86065417
18800428
2020937
91174359
39821449
65803627
27136914
50844296
9811274
91461860
85652235
26610445
78019282
66927912
81888951
34668366
82070685
7495022
6817489
59544246
4550887
46636240
87919372
35517787
83112362
14089010
28800293
73697403
2496386
99949109
7843060
894517
75913560
48808146
98070792
31216068
98696742
72355032
93708600
91599119
41732555
62854459
81445197
47961392
60095421
98509973
40730454
29509064